205
232
233
66
48
166
99
243
254
107
137
103
211
217
39
83
193
150
224
30
150
62
152
82
58
19
20
79
9
215
226
177
126
97
10
243
3
224
55
58
65
135
216
203
78
219
182
135
148
109
112
248
73
77
237
139
44
191
124
202
213
208
201
4
251
133
192
107
242
155
44
115
171
55
80
250
100
107
251
141
107
83
35
148
5
185
56
43
71
87
23
179
147
236
107
254
51
150
215
1
98
139
232
245
44
42
123
83
52
191
26
11
171
101
208
120
59
97
48
198
65
185
44
43
211
135
172
231
240
189
146
88
147
252
19
116
104
251
50
149
177
81
206
153
204
28
233
225
54
224
